bert_model=../project_ABSA_FL/bert-large-uncased/
dataset=MitchellEtAl-13-OpenSentiment,SemEval2017,Amazon,IMDB,Yelp
warmup=0.06
batch_size=64
learning_rate=1e-05
seed=40
num_layers=4
MitchellEtAl-13-OpenSentiment_best_loss=0
SemEval2017_best_loss=0
Amazon_best_loss=0
IMDB_best_loss=0
Yelp_best_loss=126.71192688188039
Yelp_epoch_0_loss=162.42013165724487
Yelp_epoch_1_loss=161.68370958544085
Yelp_epoch_2_loss=160.77891417898113
Yelp_epoch_3_loss=159.47634787513636
Yelp_epoch_4_loss=157.7627318258455
Yelp_epoch_5_loss=155.7915767876624
Yelp_epoch_6_loss=153.72915958260722
Yelp_epoch_7_loss=151.69081854978677
Yelp_epoch_8_loss=149.74495300120114
Yelp_epoch_9_loss=147.92705048100763
Yelp_epoch_10_loss=146.25093034630746
Yelp_epoch_11_loss=144.72048921038711
Yelp_epoch_12_loss=143.32746044370188
Yelp_epoch_13_loss=142.06062316699962
Yelp_epoch_14_loss=140.9070287447519
Yelp_epoch_15_loss=139.85429296216404
Yelp_epoch_16_loss=138.89183052721236
Yelp_epoch_17_loss=138.0099187163212
Yelp_epoch_18_loss=137.19948473720748
Yelp_epoch_19_loss=136.45291300952098
Yelp_epoch_20_loss=135.76305356021214
Yelp_epoch_21_loss=135.12437563676033
Yelp_epoch_22_loss=134.53123288660638
Yelp_epoch_23_loss=133.9787756413435
Yelp_epoch_24_loss=133.46341763364077
Yelp_epoch_25_loss=132.9813368750906
Yelp_epoch_26_loss=132.52930904970228
Yelp_epoch_27_loss=132.10509600671568
Yelp_epoch_28_loss=131.70582911831795
Yelp_epoch_29_loss=131.3296553191841
Yelp_epoch_30_loss=130.974616729532
Yelp_epoch_31_loss=130.63870073700784
Yelp_epoch_32_loss=130.3203631449875
Yelp_epoch_33_loss=130.0186421451949
Yelp_epoch_34_loss=129.73224380499002
Yelp_epoch_35_loss=129.45989519625994
Yelp_epoch_36_loss=129.2007804814633
Yelp_epoch_37_loss=128.953928772765
Yelp_epoch_38_loss=128.71859257267246
Yelp_epoch_39_loss=128.49379122037092
Yelp_epoch_40_loss=128.2791041671202
Yelp_epoch_41_loss=128.07380276443612
Yelp_epoch_42_loss=127.87738629837466
Yelp_epoch_43_loss=127.6893046238944
Yelp_epoch_44_loss=127.50911159597563
Yelp_epoch_45_loss=127.33624624852851
Yelp_epoch_46_loss=127.17044277180256
Yelp_epoch_47_loss=127.01140959721809
Yelp_epoch_48_loss=126.85867567050623
Yelp_epoch_49_loss=126.71192688188039
